1
1
1
1
1
1
1
1
1
1
1
1
1
1
1
1
1
1
1
1
1
1
1
1
1
1
1
1
1
1
1
1
1
1
1
1
1
1
1
1
1
1
1
1
1
1
1
1
1
1
1
1
1
1
1
1
1
1
1
1
1
1
1
1
1
1
1
1
1
1
1
1
1
1
1
1
1
1
1
1
1
1
1
1
1
1
1
1
1
1
1
1
1
1
1
1
1
1
1
1
1
1
1
1
1
1
1
1
1
1
1
1
1
1
1
1
1
1
1
2
2
2
2
2
2
2
2
3
3
3
3
3
3
3
3
3
3
3
4
4
4
4
4
5
5
5
5
5
5
5
5
6
6
6
7
8
9
10
10
10
11
11
11
12
12
12
12
12
12
12
12
12
13
13
14
14
14
14
15
15
15
15
18
19
20
22
23
23
23
24
24
24
25
26
26
26
27
27
27
27
28
28
30
30
32
34
35
36
36
38
40
40
40
41
43
44
45
45
47
48
50
51
52
52
53
53
53
54
54
55
56
58
59
60
60
60
60
60
58
57
56
54
54
54
54
54
55
56
55
55
55
55
55
55
55
55
55
55
55
54
54
54
54
54
54
54
54
54
54
54
54
54
54
54
54
54
54
54
55
55
55
56
56
56
57
57
57
58
59
59
59
60
61
61
61
62
63
64
64
67
68
68
68
68
68
70
71
71
71
71
71
72
74
75
75
76
78
75
75
75
71
71
71
71
71
71
71
70
69
70
69
70
71
71
70
71
71
70
70
68
68
69
70
71
70
70
72
72
71
70
67
65
68
69
70
69
70
69
67
66
66
65
63
63
62
61
60
59
59
57
54
52
51
50
48
46
46
47
46
46
47
44
42
41
37
38
36
34
35
35
35
35
37
34
34
34
34
33
33
32
32
34
35
35
34
36
38
40
40
38
37
37
38
40
40
40
40
41
41
46
46
46
45
45
47
46
48
47
46
46
46
46
45
43
44
42
43
42
43
43
43
41
40
39
40
38
38
37
37
36
38
38
38
38
40
41
41
40
41
41
43
42
45
46
48
48
49
49
52
53
57
56
55
57
57
56
57
53
51
51
54
55
56
59
62
61
64
64
64
61
57
55
57
58
57
54
52
52
55
55
54
54
55
55
56
53
55
54
55
56
56
54
55
55
56
56
55
55
55
54
54
54
54
54
54
54
52
51
49
48
48
48
48
48
48
48
47
47
47
47
47
47
47
47
47
47
47
46
46
46
46
46
46
46
46
46
46
46
46
46
46
46
46
46
46
46
46
46
46
46
46
46
46
46
46
46
46
46
46
46
46
46
46
46
46
46
46
46
46
46
46
46
46
46
46
46
46
46
46
46
46
46
46
46
46
43
43
43
41
41
41
41
41
41
41
40
39
39
37
37
36
34
34
34
33
32
31
29
28
28
27
26
25
21
17
16
15
13
12
11
11
11
11
11
10
10
10
10
9
8
7
7
7
7
7
7
7
7
7
7
7
7
7
7
7
7
7
7
7
7
7
6
6
6
5
4
4
3
3
3
3
3
3
3
3
3
3
3
3
2
2
2
2
2
2
2
2
2
2
2
2
2
2
2
2
2
2
2
2
2
2
2
2
2
2
1
1
1
1
1
1
1
1
1
1
1
1
1
1
1
1
1
1
